{
	"path": "/dev/ttyUSB0",
	"baudrate": 115200,
	"x0":0.0,
	"y0":0.0,
	"x1":12265.0,
	"y1":0.0,
	"x2":0.0,
	"y2":6077.0,
	"lon0":116.2395591,
	"lat0":40.07030046,
	"lon1":116.2396496500,
	"lat1":40.070114700,
	"lon2":116.239933900,
	"lat2":40.070313500
}
